%YAML:1.0
aruco_bc_nmarkers: 6
aruco_bc_mInfoType: 0
aruco_bc_markers:
   - { id:0, corners:[ [ -342., 234., 0. ], [ -162., 234., 0. ], [ -162.,
       54., 0. ], [ -342., 54., 0. ] ] }
   - { id:1, corners:[ [ -126., 234., 0. ], [ 54., 234., 0. ], [ 54.,
       54., 0. ], [ -126., 54., 0. ] ] }
   - { id:2, corners:[ [ 90., 234., 0. ], [ 270., 234., 0. ], [ 270.,
       54., 0. ], [ 90., 54., 0. ] ] }
   - { id:3, corners:[ [ -342., 18., 0. ], [ -162., 18., 0. ], [ -162.,
       -162., 0. ], [ -342., -162., 0. ] ] }
   - { id:4, corners:[ [ -126., 18., 0. ], [ 54., 18., 0. ], [ 54.,
       -162., 0. ], [ -126., -162., 0. ] ] }
   - { id:5, corners:[ [ 90., 18., 0. ], [ 270., 18., 0. ], [ 270.,
       -162., 0. ], [ 90., -162., 0. ] ] }
